/home/olikke/Work/GITwork/build-PnP-astra-Debug/.temporary/121003.616.jpeg
[0.05411366674912071;  3.1deg
  -0.1390865548882955; -7.969 
  -2.882626010166772]  -165.1619
[96.71583395880705;
  54.46154785642226;
  3033.411978526602]

/home/olikke/Work/GITwork/build-PnP-astra-Debug/.temporary/121008.640.jpeg
[0.6902867538521383;    39.551
  -0.5578541469061066;  -31.962
  -2.419830973044097]   -138.646
[62.05632576765873;
  58.2669235008473;
  3054.900843925172]

/home/olikke/Work/GITwork/build-PnP-astra-Debug/.temporary/121013.016.jpeg
[0.2089048839709645;
  -0.2232766378339736;
  -2.001020613844016]
[-50.08319990746641;
  122.679701027757;
  3034.337713625778]

/home/olikke/Work/GITwork/build-PnP-astra-Debug/.temporary/121015.376.jpeg
[0.3607596264567964;
  -0.2177424363362698;
  -2.84469006995525]
[-63.97197246633707;
  5.891179623275376;
  2964.147375395428]

/home/olikke/Work/GITwork/build-PnP-astra-Debug/.temporary/121029.432.jpeg
[-0.3775202223521901;
  -0.7629025833451835;
  -2.441791391227384]
[14.05023580819939;
  46.09994991794741;
  2964.40170615244]

/home/olikke/Work/GITwork/build-PnP-astra-Debug/.temporary/121032.064.jpeg
[0.4719784111432221;
  -0.3040524510140867;
  -2.14947724186012]
[70.35379871099538;
  107.5909681720973;
  3078.597457197686]

/home/olikke/Work/GITwork/build-PnP-astra-Debug/.temporary/121036.144.jpeg
[-1.101319984400528;
  -0.752336867966337;
  -2.7990413896104]
[290.6901215367843;
  53.49146292019759;
  2958.67678458004]

/home/olikke/Work/GITwork/build-PnP-astra-Debug/.temporary/121040.752.jpeg
[-0.09292651680913684;
  -0.5018535391048703;
  -1.899674793777754]
[132.2761988809567;
  150.9222108618931;
  2984.950869974411]

/home/olikke/Work/GITwork/build-PnP-astra-Debug/.temporary/121043.370.jpeg
[-0.6182447237345293;
  -0.4867115605560844;
  -2.00300694398751]
[-8.015641716301666;
  111.7492173677498;
  2959.845050636116]

/home/olikke/Work/GITwork/build-PnP-astra-Debug/.temporary/121046.112.jpeg
[0.3960346425225825;
  -0.4977011380133086;
  -1.897511065222475]
[-54.10246252590782;
  137.0253250799493;
  3082.770064580769]

/home/olikke/Work/GITwork/build-PnP-astra-Debug/.temporary/121049.672.jpeg
[-0.9242206929491824;
  0.009644104858467329;
  -1.575913112417148]
[-77.07979034267716;
  151.9571893681792;
  3147.553631848655]

/home/olikke/Work/GITwork/build-PnP-astra-Debug/.temporary/121052.032.jpeg
[-0.5026832177969799;
  -1.177246202978063;
  -1.66177213261881]
[-65.79301528529318;
  82.17699730394564;
  3100.130754740909]

/home/olikke/Work/GITwork/build-PnP-astra-Debug/.temporary/121055.784.jpeg
[-0.8372241824705907;
  0.1465328169146034;
  -0.9466744599761062]
[-209.2010299188634;
  125.6243722803224;
  3250.954586621304]

/home/olikke/Work/GITwork/build-PnP-astra-Debug/.temporary/121058.544.jpeg
[-0.7673133503692829;
  0.2431183083171994;
  -0.4744103276670905]
[-0.905092787728044;
  44.45680923742523;
  3249.428777137686]

/home/olikke/Work/GITwork/build-PnP-astra-Debug/.temporary/121109.096.jpeg
[0.3548736040770618;
  -0.553169089625495;
  -1.326146116680821]
[-135.3900044511192;
  136.7487140293193;
  3122.053432727595]

/home/olikke/Work/GITwork/build-PnP-astra-Debug/.temporary/121111.370.jpeg
[0.3928410872944624;
  -0.3090549968866265;
  -0.8297594421346367]
[-216.0925705477384;
  63.41964783391686;
  3141.492787835579]

/home/olikke/Work/GITwork/build-PnP-astra-Debug/.temporary/121116.472.jpeg
[-0.2628747975159004;
  -0.2815587260050579;
  -1.400279530026856]
[-28.14215840044753;
  59.78114252088977;
  3246.873055154645]

/home/olikke/Work/GITwork/build-PnP-astra-Debug/.temporary/121118.944.jpeg
[-0.207924516490214;
  0.09301449353413266;
  -1.470505706487462]
[52.60591262649708;
  65.31959171542893;
  3275.159443237394]

/home/olikke/Work/GITwork/build-PnP-astra-Debug/.temporary/121121.472.jpeg
[-0.1914285018679203;
  0.2461545173857921;
  0.001515205621138913]
[120.2631963953049;
  -66.832438863481;
  3230.265847116524]

/home/olikke/Work/GITwork/build-PnP-astra-Debug/.temporary/121123.112.jpeg
[-0.2183974105015362;
  0.3915963804652094;
  0.4501556979013072]
[118.9166857643794;
  -92.24507740655415;
  3247.471301683934]

/home/olikke/Work/GITwork/build-PnP-astra-Debug/.temporary/121124.851.jpeg
[-0.812386495356873;
  0.2950411480438327;
  0.1595938762441464]
[85.45598199758091;
  -42.11309325066146;
  3157.534638910305]

/home/olikke/Work/GITwork/build-PnP-astra-Debug/.temporary/121126.893.jpeg
[-0.3064878685876508;
  -0.04253235661749971;
  -0.4584413332803455]
[-54.27075998032293;
  -43.39590241002497;
  3146.451433424642]

/home/olikke/Work/GITwork/build-PnP-astra-Debug/.temporary/121128.984.jpeg
[0.09141556735104434;
  -0.7359254340568437;
  -0.4294246206429672]
[-103.9142159549091;
  -32.30391863975174;
  3088.289500655539]

/home/olikke/Work/GITwork/build-PnP-astra-Debug/.temporary/121209.784.jpeg
[0.4048160847991235;
  0.06252096086837289;
  0.3439832662393762]
[-56.68567814134229;
  -79.87740444847931;
  3141.015152771635]

/home/olikke/Work/GITwork/build-PnP-astra-Debug/.temporary/121218.976.jpeg
[0.1154868477060731;
  0.03334455620428429;
  1.414655168451949]
[159.8320370406922;
  -108.882167549394;
  3093.543276396618]

/home/olikke/Work/GITwork/build-PnP-astra-Debug/.temporary/121223.536.jpeg
[0.4745852587992931;
  -0.1762051947670123;
  1.569265134644306]
[47.38349670332139;
  -54.47525709830401;
  3023.998136159122]

/home/olikke/Work/GITwork/build-PnP-astra-Debug/.temporary/121229.320.jpeg
[0.3723328920575715;
  -0.116431506974169;
  1.608073110183018]
[-51.08472952845575;
  -108.3280244768546;
  3076.495509737157]

/home/olikke/Work/GITwork/build-PnP-astra-Debug/.temporary/121232.344.jpeg
[-0.4453118454637634;
  0.3729597861127165;
  2.725948452279522]
[-69.47037812260737;
  -5.632846287101383;
  3166.225449171067]

/home/olikke/Work/GITwork/build-PnP-astra-Debug/.temporary/121234.232.jpeg
[0.9779904136893051;
  0.7095555680230149;
  2.868566445791704]
[-128.7164911154707;
  22.77015551207479;
  3086.700332685663]

/home/olikke/Work/GITwork/build-PnP-astra-Debug/.temporary/121236.016.jpeg
[-0.2741149799980155;
  1.709172134701222;
  2.537724784302826]
[-72.55145114189986;
  19.54661487145601;
  3160.686077424779]

/home/olikke/Work/GITwork/build-PnP-astra-Debug/.temporary/121239.050.jpeg
[0.4915775622209056;
  1.546969735718896;
  2.306539665872125]
[-64.20716819242497;
  -7.299286042060628;
  3137.155347578833]

/home/olikke/Work/GITwork/build-PnP-astra-Debug/.temporary/121243.731.jpeg
[-1.002627951311925;
  0.3320007206450634;
  2.919537849238266]
[106.2263394107162;
  46.31619321445299;
  3291.594511643909]

/home/olikke/Work/GITwork/build-PnP-astra-Debug/.temporary/121246.376.jpeg
[-0.1586401204753961;
  1.818995767120187;
  2.427677342462096]
[197.8255713506185;
  23.69883511378196;
  3152.266799763749]

/home/olikke/Work/GITwork/build-PnP-astra-Debug/.temporary/121248.451.jpeg
[0.9323182847040676;
  -0.1609797298313833;
  -2.959889781727794]
[-15.39582945070905;
  126.6212150977165;
  3193.487759430705]

/home/olikke/Work/GITwork/build-PnP-astra-Debug/.temporary/121251.930.jpeg
[-0.8133080827542909;
  -0.4341123941033254;
  -2.791787913191203]
[46.83896018597476;
  110.6100423844998;
  3074.834797007794]

/home/olikke/Work/GITwork/build-PnP-astra-Debug/.temporary/121253.800.jpeg
[-0.295370799906872;
  -0.5568688587152939;
  -2.785148686456401]
[34.16403275051928;
  123.0177232074659;
  3123.792576256194]

/home/olikke/Work/GITwork/build-PnP-astra-Debug/.temporary/121259.144.jpeg
[-0.04878448488828437;
  0.375169945624728;
  -2.993686600915782]
[117.628084077047;
  -8.427420755909493;
  3264.761134425758]

/home/olikke/Work/GITwork/build-PnP-astra-Debug/.temporary/121303.432.jpeg
[-0.002066264908125858;
  0.6042931074428537;
  -1.777187760202058]
[32.66423739245408;
  80.33840689866908;
  3232.614125735678]

/home/olikke/Work/GITwork/build-PnP-astra-Debug/.temporary/121305.104.jpeg
[0.1294201399445078;
  0.2283778966629215;
  -0.8178837457127219]
[-83.54646679063669;
  45.15655806905852;
  3137.606857461534]

/home/olikke/Work/GITwork/build-PnP-astra-Debug/.temporary/121306.536.jpeg
[-0.01056306743670641;
  0.228913951608858;
  0.1022229814658299]
[-112.7250575263157;
  -132.9693576262256;
  3106.891528409019]

/home/olikke/Work/GITwork/build-PnP-astra-Debug/.temporary/121308.576.jpeg
[-0.5398555168209294;
  0.3650738729093153;
  0.3863959099874055]
[-43.04126964651133;
  -130.3280398483638;
  3127.953725507868]

/home/olikke/Work/GITwork/build-PnP-astra-Debug/.temporary/121311.440.jpeg
[-0.4106228314790216;
  0.4837871896042187;
  1.834393714663858]
[60.20456789621876;
  -36.72061793984761;
  3120.869695842451]

/home/olikke/Work/GITwork/build-PnP-astra-Debug/.temporary/121312.904.jpeg
[-0.5562055600555954;
  0.9113463498287805;
  0.4648443834672523]
[28.80783865509726;
  -51.1915249466845;
  3215.001272991198]

/home/olikke/Work/GITwork/build-PnP-astra-Debug/.temporary/121314.880.jpeg
[-0.1306929436557823;
  0.4101587425311889;
  2.23101564433535]
[28.88851353454078;
  22.5631239438716;
  3178.1081698424]

/home/olikke/Work/GITwork/build-PnP-astra-Debug/.temporary/121316.336.jpeg
[-0.3255790723793569;
  1.386454784731554;
  1.494351772237518]
[19.10316915643736;
  -75.62310308013541;
  3209.213395978932]

/home/olikke/Work/GITwork/build-PnP-astra-Debug/.temporary/121318.152.jpeg
[0.2472588523752779;
  1.202547512928162;
  0.9652368494334214]
[9.719513431957807;
  -115.3133704882565;
  3184.939520582047]
